DT1
	accuracy	0.636356
	precision	0.8710149 0.3267837 0.2657963 0.7792720
	recall		0.7312215 0.4738589 0.4187577 0.6415707 
	F-measure	0.7950198 0.3868127 0.3251877 0.7037487

				  	1    2    3    4
				1 8333  710   93  431
		ConfMat	2 2199 1713  662  668
			 	3  548  935 1018 1329
			 	4  316  257  658 4346

DT2
	accuracy	0.6641064
	precision	0.9134525 0.3462419 0.3362924 0.7602654
	recall		0.7150806 0.5119887 0.4749263 0.7389334 
	F-measure	0.8021847 0.4131103 0.3937634 0.7494476

		       		1    2    3    4
		 		1 8739  615   91  122
		ConfMat 2 2430 1815  690  307
		 		3  650  823 1288 1069
		 		4  402  292  643 4240


DT3
	accuracy	0.6301206
	precision	0.5567895
	recall		0.5617636 
	F-measure	0.5482563

RandomForest
	
	accuracy	0.8634787
	precision	0.8427179	
	recall		0.8552429
	F-measure	0.8489342

			       1    2    3    4
			  	1 8181  710   93  583
		ConfMat	2 2173 1713  662  694
			 	3  544  935 1018 1333
			 	4  315  257  658 4347